0040124     370 0000000000010800202609
0040124     371 0000000000002244202609
0040124     373 0000000000015100202609
00401210    370 0000000000016187202609
00401210    371 0000000000000900202609
00401210    373 0000000000017133202609
00401210    377 0000000000002400202609
00401212    371 0000000000002400202609
00401212    373 0000000000027863202609
00401220    373 0000000000031927202609
00401220    377 0000000000002314202609
00401225    371 0000000000005616202609
00401227    371 0000000000003968202609
00401227    377 0000000000006041202609
00401236    371 0000000000002700202609
00401238    370 0000000000014409202609
00401238    371 0000000000000200202609
00401241    371 0000000000005000202609
00401241    373 0000000000031800202609
